0.7937338120143603
1.7785143322993164
0.5357230049240731
0.7143003869661133
0.774111739632424
1.6864253141483976
1.5670709242100842
0.8201723336178957
3.2274198091065562
2.253520511375304
0.7560364055285961
0.7148153578002573
0.8401754751430637
0.5115805307231751
1.2640760269773144
1.6069143932267167
0.7361714648801477
0.5490768721738172
0.8597506338839118
1.7414752156995432
2.819777090122409
0.9399125842409746
1.0121196796818654
2.4239920967210797
1.0069678108660185
2.430941447427536
0.9869197735387784
0.48727159364032224
0.31804828328205514
1.4503458718047681
0.22671531330896227
2.120613646934853
1.115371676418642
0.5631485513447677
0.602661229963729
1.121979763616679
0.29111867451577816
0.6213190054068713
2.8602800499098846
1.4873606089197626
3.429399010322443
1.091935675593065
1.111956338939943
0.8361954950128074
0.8774975764379335
0.7685100725745404
0.11399846337370347
0.890194058267541
0.40495953347685093
0.9850171510712509
1.807946205112342
0.2743169751295114
0.6792249669351241
1.1793276395236305
0.16751993470361257
1.673682738252065
1.2219783926080205
1.4353448501026478
1.062643556269545
0.6194750045508328
3.095632597928861
0.6856063726755608
0.7443770219180462
0.538960065747324
1.0777774726155
1.7945799614829394
2.481720958938456
0.4021414506764922
1.4554533533217118
1.0508026722504737
1.125052529230972
1.0637208433064855
1.2033026887796137
1.617041919263806
1.5777907935933564
1.0364165353836916
0.9720497055095161
0.882290463507147
0.38978727133917807
2.882475333915029
2.710478638240499
2.799253978869985
0.6229706611846443
2.6010370820053623
0.5771621208135833
0.6785899577129455
1.0505508656751694
2.7157504247886606
1.0426435744208402
0.04919110809181871
0.5965300170713203
0.8349896391322666
1.9285057376341503
3.0130119241858044
1.5657293919730835
0.9001450149831914
0.7662415378127881
0.1426488551349635
1.312037819626936
0.9934084757715758