1.477
1.049
1.996
3.424
1.211
1.139
1.042
4.065
0.897
0.83
1.638
1.175
1.276
1.195
0.975
1.786
2.354
1.173
1.628
0.863
1.036
1.677
1.401
1.304
2.033
0.957
1.802
1.394
2.823
1.589
1.495
0.777
2.082
1.831
1.078
1.305
1.786
2.022
0.854
1.267
0.917
1.401
1.431
1.99
1.575
1.087
1.884
2.22
2.129
1.548
0.961
2.058
1.543
1.619
2.219
1.186
1.641
1.827
1.83
1.153
0.964
1.982
2.003
1.138
1.733
1.502
0.94
1.583
1.354
1.521
1.617
1.261
2.258
2.141
1.048
1.834
1.485
1.263
4.198
1.016
1.003
0.93
2.728
1.031
1.831
1.84
1.278
0.958
2.195
1.788
1.39
1.553
0.942
0.931
1.264
1.973
1.261
1.826
2.866
2.187