0.3806159293920492
0.42121884443699636
0.44204713847077143
0.1384633788207319
0.25332522175479916
0.15633706626085617
0.21426852036701982
0.21596354755259176
0.24501317686253093
0.2648404654675736
0.5327933182153892
0.40920423987162796
0.4203666677356892
0.7477467686566303
0.4688993629195871
0.2942885602696933
0.2347893847415699
0.2908418250653533
0.27277773994404897
0.24172978954729743
0.5594878456619018
0.3447932695071591
0.5519426766641155
0.24420057547952742
0.29196366361790915
0.18385909703635084
0.3313713176719523
0.21174990092605614
0.22056351751990255
0.34158869790978064
0.6011659914459971
0.4117051122194514
0.24747924106815938
0.26539263577232636
0.2636963073688694
0.35544849158753067
0.3438544096960476
0.2731791565810984
0.28621911010622825
0.23914251936890274
0.5722255651581758
0.3831570461876513
0.5938223373874495
0.2573384050626931
0.21317933175666323
0.1927347627281348
0.19888004950560828
0.23887427408197257
0.309767865963296
0.22662523474482402
0.5711955122490658
0.2975923219485172
0.5939548711169289
0.45607309883265945
0.5087381810576553
0.5588470071261983
0.5296627638071002
0.5369121162511868
0.3431356073719704
0.5019272651560305
0.4664098765268333
0.4060308375422659
0.3691691072003997
0.4120135868650601
0.518528388609837
0.5502682151475988
0.3803484236458943
0.5624101710172047
0.5016933795393431
0.5568054414362689
0.28102961232153134
0.26486121988224975
0.24585064714081029
0.4017255675199327
0.4664550576670134
0.45081361089354177
0.2690763559534378
0.37369496602442237
0.4832909643999742
0.4478145559427666
0.3303181139240672
0.4064635747966812
0.3707461991983233
0.4296247096560115
0.5143820350992385
0.4403879666888953
0.5188965527919056
0.2953944099545658
0.5268227382588604
0.38870076416299865
0.3475308614997133
0.4604110388078013
0.48126332130269284
0.44512359335918306
0.5264827247452242
0.4338478243722159
0.460518612964032
0.36794972920813307
0.3453879970729657
0.5157722276230094