18.105
10.352
7.685
26.635
12.698
21.415
15.399
17.658
15.092
13.128
17.83
10.63
8.146
5.351
7.593
11.864
14.088
12.569
13.031
14.162
17.085
10.23
6.161
16.135
11.304
17.757
9.952
17.231
15.436
10.159
15.701
10.515
13.189
13.953
12.081
9.939
9.675
13.765
11.619
14.241
16.428
10.824
5.864
14.512
15.424
17.899
16.78
15.864
10.746
15.108
16.509
12.169
6.176
10.066
8.664
7.816
7.698
8.555
14.572
6.63
19.969
9.149
9.262
11.653
7.767
7.92
10.964
7.901
9.815
6.111
25.363
13.751
13.497
12.225
8.945
9.64
15.011
11.742
7.475
9.598
10.959
8.542
12.272
9.421
8.187
9.265
8.635
16.09
8.121
24.579
11.927
7.705
7.785
7.361
7.801
7.269
9.492
13.372
12.085
18.019