0.4236359014681655
0.38600338831151
0.2943359341488942
0.3479380758915532
0.39864574454910356
0.3590201439651805
0.3830461198410561
0.6355975466111508
0.7277085753992664
0.6770349753748138
0.40344111917832476
0.414657497557461
0.8218215129453738
0.4354230802862044
0.5809677815252866
0.42879861323386587
0.6116818048812531
0.3341985365827912
0.7697750733914048
0.6092150375545909
0.41830914687774856
0.38626577092775416
0.3516209110192076
0.41830165386964296
0.421293143476242
0.6407324174563923
0.34596140144588877
0.4020326120427013
0.39473105276753495
0.42231029799791303
0.32624979866654874
0.32856450572954937
0.5644712041422599
0.32607392516830275
0.36792070270925675
0.3779404726875768
0.6795005202913631
0.662909533169788
0.6478797444814312
0.7527779374505321
0.45230410352541245
0.4502524037481345
0.7484006185007952
0.7707929024800274
0.700028771458713
0.7236962203728259
0.4416763392465127
0.8206652680510499
0.6628923936841096
0.740713370775446
0.4093361567995382
0.3544121685882993
0.7073250463338754
0.3421631976379752
0.42066651645682146
0.3340773017265738
0.36771703251388943
0.33453213566508305
0.10683139281723336
0.3644099316669973
0.4249858449857114
0.32009162974211675
0.3597643251143182
0.7247999592057011
0.774973457064056
0.6385509522923567
0.4233813741802877
0.7633532573357912
0.6166079890173154
0.41702468747040966
0.34437635164663605
0.4530592550490078
0.7509666258919171
0.4050564985820115
0.7372884649991002
0.6903893872489757
0.7173070371829398
0.33759367286235814
0.12585092964781663
0.36565498636746646
0.3611791088861647
0.4477020877479418
0.713332095609944
0.7909160150848716
0.745308486659328
0.4432327394996882
0.7149442757241082
0.41213607211654923
0.4804152370032786
0.35823213525394504
0.35750006837003356
0.3693444482242618
0.3823281395789341
0.804364431954281
0.7346377039008751
0.7221188896488023
0.6293538582696544
0.6587439195651306
0.7443356081193258
0.6566253851009507