2.31
2.512
2.173
2.042
2.071
2.135
2.033
1.807
1.709
2.28
2.289
2.634
1.572
1.972
1.873
2.047
1.91
2.01
1.751
1.885
2.253
2.63
1.875
1.813
2.203
1.765
2.044
1.829
2.06
5.963
2.454
2.479
1.927
2.473
2.119
1.86
1.729
1.752
2.037
1.727
2.194
2.274
1.656
1.657
1.727
1.734
2.078
1.667
1.697
1.695
2.291
2.593
1.745
1.929
2.053
2.031
1.79
1.991
6.092
5.529
2.303
2.559
2.32
1.697
1.685
1.805
1.959
1.762
1.964
5.419
2.112
2.283
1.72
2.079
1.654
1.696
1.687
2.018
5.962
5.905
2.402
2.395
1.676
1.628
1.644
2.218
1.697
2.196
5.387
5.711
2.222
2.346
2.029
1.622
1.657
1.712
1.784
1.742
1.673
2.013