5.511741424802111
8.521564095609826
3.14658717857971
10.336095229318834
3.349834764679422
2.665605375826383
5.956401128115031
3.3333527628817903
13.434140213620418
2.894017938881993
6.345260404066086
8.031174188861359
2.4416425180344037
5.003126126510251
7.957103292582129
1.9701981815191238
3.7554840681814876
4.615349858857528
8.96597892030625
3.5660219340593926
2.3975664670510124
6.7507811623995515
2.7873675675675673
1.8917605860543671
7.250391416661279
3.3299173960329385
4.862074274707699
4.682316452937116
12.339607353011528
3.9814584572139036
3.8921429668362664
8.4004191994268
3.033624174104385
5.624280279494642
10.80085412828672
2.6778332405098872
5.284720904592191
1.5592755629747
7.695043169746315
2.638969098602385
5.4850611810604715
5.345110349371812
3.450764032376353
3.0177299354667846
5.488905201119161
2.1154719589257502
5.954276147591007
1.6208429910309383
3.2027394094227932
4.059964312768816
0.7900324447063132
2.733496933817883
1.4053728763023934
9.862851067388213
1.3174308258865075
2.6744967662548262
6.113785535754201
1.1662617783961893
3.632439308540686
4.69657267064223
0.8595449586774099
2.568215135381024
1.301190993741722
5.450246293523929
1.011796836848821
3.071867559715882
4.201280676077836
1.0027378001405898
4.455336610312983
2.122014884841622
1.1561977911222876
0.957202232910833
0.9677285665575944
1.072778908236932
1.0732210324169746
2.3929534127037657
4.355930772274171
0.9607606015986145
1.2458340399757721
8.492051016692145
1.681041198845149
3.032570826614564
8.293724800992452
1.1874783787897658
2.2702771658834595
6.027404628711482
2.0356478967582374
3.926623284261433
9.716457536227518
8.237677141588708
3.648295969202899
4.147678561375572
3.7453220491529606
9.420458875743021
2.358377711420878
4.95945646945647
7.578752580607261
2.8513443124390463
8.053023348757627
9.016206367136817