0.531
0.529
0.244
1.19
1.303
0.272
0.321
0.238
0.483
0.249
0.329
0.532
0.283
1.519
0.975
0.332
0.389
0.326
0.542
0.374
0.744
0.652
0.27
1.779
0.978
0.221
0.454
0.441
0.396
0.35
0.502
0.58
0.251
1.25
1.011
0.271
0.3
0.46
0.624
0.278
0.395
0.803
0.414
1.516
1.23
0.488
0.693
0.432
1.704
1.052
0.733
0.752
0.472
0.555
0.489
0.703
0.681
0.568
1.474
1.043
0.693
0.783
0.508
0.757
0.703
0.602
1.123
0.678
1.44
1.361
0.557
1.263
0.666
3.983
0.615
0.52
0.925
0.65
0.558
0.654
0.408
0.419
0.519
0.558
1.509
0.777
0.429
0.516
1.305
0.774
0.278
0.358
0.278
0.542
0.292
0.268
0.612
0.293
1.311
1.122