0.24499933986184225
0.2513529433047153
0.25051148132113743
0.5439000123308834
0.36042304380314627
0.26232093781436067
0.2431506488956673
0.28529581465536374
0.3578580285315396
0.16548541005770412
0.2597122265653874
0.2819556955713902
0.1821723384872328
0.3518797828057743
0.32527412389848787
0.197069295650834
0.21416906579654252
0.20832864192785616
0.20864213315515112
0.2010184655312089
0.1859318944052763
0.35154389047682266
0.38189382951309575
0.23158247230587295
0.27132219790981593
0.22729600360271368
0.3616021050942669
0.23965017813243608
0.27448791360026426
0.2965559601025107
0.2150061303069998
0.4530446299812221
0.13046810210235052
0.1459096998262907
0.11892234095152882
0.2194348216666634
0.17461936299472935
0.3699610512821675
0.3964022715286609
0.27585779594423854
0.21275833399622052
0.21997505288871402
0.32171410470985734
0.28428843184114205
0.2572981825147578
0.27414336940275674
0.2585386475835062
0.44756752137685446
0.40038393078952306
0.25698929385332697
0.2976412785121965
0.25927291500670685
0.2558565912756443
0.22262147701993992
0.29433353735851503
0.34446380843827973
0.29322335232430174
0.47289027195658845
0.41739718824187794
0.1813305889625214
0.2984602228526135
0.2886791622562605
0.3537212198445001
0.27006922860048127
0.31355935145394676
0.3126827317616846
0.18083521986102502
0.43143296361184047
0.4384925103746101
0.2740796492842733
0.25760835414608985
0.22871111517183693
0.18428527767541494
0.25817694859913665
0.3711625882246128
0.3391860955811873
0.4325422629332544
0.4251648448982052
0.24645667230450186
0.23838903892222302
0.29651754796123814
0.19346920022934247
0.2545867765205853
0.2866667142395007
0.2638907490952377
0.42481759571825106
0.24764565567514624
0.19121745056303444
0.27137757090967496
0.22501343155413356
0.3007580830553144
0.22256513844196293
0.28608311444973594
0.2647095905200414
0.18694755783844405
0.45528882289168565
0.32686630083849605
0.17219430578476516
0.203891395560244
0.2455107681334036