16.257
25.474
14.786
15.247
18.263
12.563
13.101
12.002
18.232
8.482
15.48
23.196
19.578
23.562
20.327
16.147
19.163
16.848
17.477
19.234
18.755
21.164
17.244
13.473
14.929
15.226
18.452
13.974
14.247
21.228
16.636
15.842
24.343
28.03
28.773
29.287
19.408
19.17
16.337
11.196
19.265
11.612
19.63
11.787
15.129
22.832
13.535
16.093
16.145
12.184
13.798
10.531
25.832
15.051
13.991
18.837
11.71
17.996
16.364
19.069
14.777
11.939
19.023
14.417
12.839
19.991
19.102
17.215
15.386
11.199
16.667
12.596
18.431
15.347
17.485
10.62
17.116
16.514
12.661
17.924
22.387
16.762
15.135
21.654
13.111
19.769
26.35
16.811
15.867
12.932
23.676
14.762
14.502
23.452
15.842
16.544
20.617
6.831
20.002
13.691