1.2056282998570775
3.0208431021550886
0.6677539084467439
1.9896980442364816
1.2386523970341536
0.10909863841302152
0.9481974267303204
0.5621055491450916
1.9747415851209464
0.48678248426923004
0.6389087966903291
2.5835882491661897
0.4387231226987476
1.6217380520417917
1.81605504228583
0.4254392447345165
1.2967915981166744
0.6026172372925684
3.053304858606785
0.4956035228617826
0.9762614247914396
2.6398609461854856
0.6856998585603155
1.3672230331691657
1.3731081822139135
0.5918908295272317
1.2371609764362739
0.4974226804123711
3.0336144138281096
0.5468282980209844
1.2036577145283922
2.3339065124097513
0.572687283883824
0.8280496811543562
1.8110760759166658
0.5703210713763535
1.189177682298602
0.5527612175815244
2.9239146043360345
0.5446525577968583
0.7713630705138477
2.2703382245757187
0.6238027439813616
1.4885985777987212
1.930779154303056
0.6091672481584769
1.0461781387614517
0.7035524440149504
0.40146256875807573
0.5472879920619986
1.0748179416090424
2.2607128731248465
0.629620734588109
1.6356435676252092
1.9339487041449062
0.6703600091722083
1.1355321563150194
0.6084546035013486
2.9206933762696767
0.5704761002046244
1.0641130528703466
2.5218520018100836
0.3682520430337677
1.8165989121349897
1.790250560639747
0.34705587912982416
1.0625779435963307
0.755764110722077
2.9631390542328044
0.5664307412615665
1.153008709645067
2.9724925605923476
0.65428402847017
1.649198401386084
1.8355744729721
0.5264958800941102
0.9352182821522105
0.5543220930585486
2.522124298047722
0.6151443573973094
0.8972149325529127
2.1485204750367397
0.6774767211517071
1.658953008941646
1.364655642476973
0.6397095508842392
1.038306035563824
0.31066196684056835
2.710402979200097
0.6710517161029466
1.3353169834585523
3.0503450406429766
0.6793387681641738
0.8702993173679073
1.5127863489406146
0.38602795589682926
1.033722655737374
0.7213334329667107
2.4681838810937555
0.5660876785121223