1.02
1.115
0.902
2.712
2.7
1.457
1.522
1.463
1.98
1.111
1.399
1.307
1.25
2.995
2.422
1.092
1.221
1.23
1.397
1.102
1.141
1.295
0.881
3.197
2.343
0.944
0.953
1.124
1.284
1.135
1.012
1.414
1.15
3.871
2.199
0.974
1.278
1.154
1.341
1.063
1.241
1.621
1.023
2.928
2.451
1.035
1.097
0.867
8.598
1.059
1.049
1.456
1.05
2.761
2.319
0.842
1.043
0.996
1.32
1.045
1.062
1.324
1.912
3.013
2.545
1.089
1.116
1.72
1.34
1.017
0.985
1.276
1.025
3.069
2.406
1.063
1.262
1.077
1.461
0.963
1.229
1.61
0.912
2.877
2.345
0.883
1.38
1.289
1.419
0.868
0.868
1.203
0.951
3.508
2.899
1.234
1.169
0.992
1.482
1.022