2.8197389288317356
2.727683271605928
4.524693719033553
1.6234048318235408
3.476472148000081
1.9005113623676004
1.5265363838291435
3.04756225550997
3.4726891041754424
1.7796770535484454
3.073636430865661
3.8794266569644047
5.027398733888371
1.9919983841397095
5.188127723234215
4.015958155911576
4.934741105004338
2.8601594049479386
3.531459520544641
3.3380695184962734
4.832585044944562
2.541704921612514
1.9162196273477743
6.15742545664573
2.566801010587103
1.9049452022157367
1.8299898030376214
1.4946633154079962
2.2438534048822745
3.368405028244999
3.5421796814982454
6.022399730999914
1.5521219102352908
6.308166182051155
4.834865245279098
2.8280828481689317
1.8370814179584587
2.398455580330947
2.147550336767078
3.91847716007628
3.922379850780568
2.142854753112493
1.7862398899721792
12.930200021353878
2.1540951178451175
4.282891760092505
2.2350470133286224
2.256154522596411
2.966265025343954
3.247512899983954
3.586696974995629
1.0908365242107567
2.058072270300314
15.837977638136271
3.3498480402431356
2.9047127925130267
2.1002156100000406
2.211261083871749
2.7004160595289224
4.832791258932443
4.61688833509404
3.568918871926835
0.7307852912797278
15.381492327372658
4.404574179957869
2.6794643698129796
5.273481914805967
3.2207477599919456
3.3050680720812546
2.5968753163489118
2.13824729149053
3.784272521152464
2.5084070937223935
15.703624326704903
4.132382859172668
3.8481062173242564
2.235873548172437
3.111457845895801
2.9591747260576238
3.367309458218549
5.2519278096800655
4.1542541848091625
3.4959380609648516
15.161107940440894
3.3645150473084486
3.8081954411928756
3.0112503015575083
3.233080096328958
3.3365846831805293
3.219229426532963
5.471916111395865
4.806858117500789
2.1529945210655583
7.210786180823
3.0347077877856536
3.365699012644844
2.2187870651564725
2.409770410449697
2.2482288941853352
3.418901481585125