20.88
4.302
5.8
5.637
6.331
4.828
3.881
5.069
5.824
6.228
24.69
5.653
5.92
4.84
5.51
5.67
4.967
4.969
5.381
5.338
14.468
5.199
7.402
8.744
10.847
6.165
6.275
9.592
7.591
6.15
15.622
5.19
7.84
8.312
9.682
6.393
6.343
6.863
9.362
5.431
14.34
8.322
8.019
6.255
8.08
6.708
5.043
8.276
6.933
6.308
14.071
5.021
9.182
5.169
7.667
5.67
10.26
5.578
5.517
5.686
15.223
4.997
6.84
5.053
8.396
4.621
4.689
5.141
6.019
6.868
13.83
5.576
9.605
6.912
8.316
8.613
5.552
7.501
6.941
14.237
5.934
8.837
6.287
7.528
5.96
5.356
6.725
7.446
6.317
13.268
6.156
7.58
5.892
8.057
10.001
6.163
6.392
4.822
4.973
11.183