0.13167529247892426
0.22690591847333974
0.274701219636148
0.19946824256320003
0.23969609086027138
0.23961905215032397
0.2518137762469272
0.22818056459061972
0.1971296828744065
0.16257010807525618
0.11613462254459402
0.1775391747063135
0.2893609869920608
0.22372810670215063
0.23792087005649945
0.18019451604487557
0.15584497061033165
0.2221819583848881
0.21184982214137146
0.20637427526707372
0.20723177018806707
0.17638678491933582
0.2166922841326316
0.12552285497296073
0.13368547491347701
0.1868847622394359
0.17092378104202857
0.15563922412246428
0.15630569378653736
0.16208872383932738
0.19264213983915174
0.21580640273900556
0.2094083075104657
0.1346110454066349
0.15322333594921683
0.18122020340359896
0.1721297919941695
0.1778603631251566
0.12074385772043812
0.19936538801025971
0.2040562326358723
0.1163230042416555
0.19436792190598046
0.1752938912064086
0.19765370974654903
0.17261292925646063
0.17631550971053853
0.14351839835927502
0.17336449699666467
0.16362836371461337
0.21590237784520488
0.18983457268741352
0.16692644310784022
0.2379100526148345
0.19379634234883175
0.21891150368957402
0.10208131848897221
0.20544533133388898
0.20839648754888757
0.1763026668890493
0.19252240677403348
0.1811632724371731
0.23341177571436675
0.22755820862838025
0.16937135527740857
0.25670931513457945
0.2592127937834905
0.2282396812417067
0.19822058636055762
0.13219323933669455
0.21927776385423925
0.1853350405702808
0.15902958814847956
0.1627459095261221
0.17362976614830847
0.1263675164745774
0.22746284356032087
0.14351021924902654
0.16914514680309342
0.2020640196983247
0.19215079094517323
0.19014892046803686
0.1826972115527569
0.1985082243798333
0.19830506331781117
0.21123726298365572
0.19029506316557698
0.15535249130717663
0.18310120732846896
0.22226358342365737
0.1529444115821844
0.2126042804156548
0.21888580308776562
0.19352925152800488
0.10897387408045192
0.20685177819488318
0.1847919899357478
0.24692574973926737
0.21657959420982661
0.2791015143562354