1.813
1.317
2.83
3.765
3.613
1.245
1.049
1.151
1.087
3.25
1.55
1.032
1.648
2.87
4.2
1.183
1.226
1.156
1.041
2.768
1.335
1.016
2.875
3.039
5.528
1.054
1.061
1.265
0.887
3.13
1.217
1.074
1.43
3.077
6.623
1.022
1.141
1.227
1.28
1.419
1.574
1.192
2.896
2.988
4.984
1.198
1.118
1.207
0.895
3.274
1.236
0.975
4.163
2.638
3.511
1.208
1.09
1.121
1.477
3.182
1.813
1.235
3.952
3.711
4.257
1.091
1.067
1.136
3.077
3.156
1.479
1.01
1.529
2.659
3.415
1.071
1.229
1.083
1.126
1.336
1.71
1.28
1.101
2.817
3.999
1.524
1.421
1.048
1.032
3.338
1.139
1.144
3.133
1.572
3.994
1.299
3.187
1.286
1.049
2.995