0.8618492831228081
0.5338282430983862
0.9959470545340903
0.4830124469620514
7.204212700135652
0.5248033551873617
0.6711364584782307
0.6711065777096886
0.6380155155092143
0.44442312688134117
0.9025375095682031
0.7101132750647856
0.7986680520555159
0.5371806613045994
6.287566977553232
0.6635857900611992
0.6839048093661836
0.6680120637565314
0.655125352972848
0.5135027471082529
0.9741418926422775
0.6975972063034291
1.0032077829405726
0.6746125848069279
4.093850372700515
0.6443910103496752
0.6472172042461652
0.5697507088395268
0.7981634353821719
0.5281956687250698
1.056692720344723
0.6639768395404587
0.9511075674595691
0.554453372196292
4.3008846699297365
0.7147246780094463
0.5997027205679764
0.6386125299121237
0.5001999135234122
0.519380853544346
0.9313044114419489
0.5847670403633927
0.7930082901277998
0.6491187029585026
5.916810102881052
0.6037179210799312
0.6204073243007142
0.6201885599141037
0.7995583247890212
0.7791975980452357
1.0404725064912885
0.704051950436746
0.8492843672106692
0.5774477963455524
7.562672713380819
0.6162539398854823
0.6147910147112651
0.605139490581018
0.37048002477547226
0.6741175800087144
0.7063889020848932
0.6387018337354406
1.0036973734696013
0.33063744724265254
5.63529948334887
0.7198192464720105
0.6060432033404521
0.6237606858602731
0.5769284010172246
0.6535951489214166
0.9581954929736761
0.6928144327778577
0.8715901353852681
0.4672892671308804
7.470454069447444
0.7101296276045391
0.5693002384272796
0.6536549471686666
0.7592515461693354
0.5713925624505483
0.8830644742085839
0.5178811077981035
0.6823016959142233
0.503135100583454
6.266092963646706
0.45788800286858694
0.5514396890545775
0.6916387130528617
0.7073638705392152
0.6605122231409541
1.1339357091648614
0.5744612666885595
0.8820894735580954
0.5157238160951452
6.356482038491101
0.5748332198234685
0.6677849454893364
0.5996416585548394
0.6425322430232631
0.4475679732454156