1.081
0.43
0.839
1.775
0.392
0.463
0.509
0.336
0.317
0.503
1.164
0.263
0.838
1.403
1.59
0.749
0.265
0.317
0.778
1.146
0.26
1.516
1.471
0.275
0.373
0.495
0.552
0.618
1.059
1.025
0.302
0.784
1.655
0.372
0.308
0.323
0.459
0.398
1.111
0.61
0.276
0.5
1.206
1.064
0.379
0.897
0.751
0.389
0.819
1.355
0.851
1.337
1.098
1.529
0.312
1.041
1.026
0.439
0.848
0.565
0.269
1.182
2.127
1.696
0.285
1.012
0.262
0.306
0.785
1.284
1.231
0.402
1.144
1.056
0.27
0.269
0.409
0.917
0.829
1.112
0.962
1.029
0.903
1.367
0.812
0.272
0.329
0.806
0.902
1.112
0.77
0.892
1.358
0.28
0.323
0.877
0.397
0.436
1.188
1.123