4.306
3.774
4.608
3.817
3.842
3.783
3.481
4.133
4.182
3.88
3.994
3.502
5.522
3.684
6.554
5.77
6.794
6.435
6.266
5.546
6.453
5.911
5.735
5.154
6.747
6.95
5.48
5.188
6.339
5.955
7.64
6.144
5.212
5.727
6.09
6.972
6.705
5.012
7.466
5.8
5.066
4.628
4.588
5.38
4.082
3.771
4.153
3.383
3.713
3.88
4.21
3.998
5.409
4.161
4.093
3.422
3.704
3.672
3.377
3.551
3.621
3.818
3.84
3.713
4.452
3.911
3.693
3.846
3.708
3.476
4
3.477
3.505
3.783
3.842
3.517
3.939
3.499
4.08
3.873
4.299
4.087
3.511
4.227
3.829
3.787
4.056
3.944
4.63
4.137
4.64
3.795
4.377
4.44
3.535
3.754
3.617
4.243
4.042
4.17