0.6978172955765524
0.8082865301635637
0.7209109573523473
0.7613979802597742
6.427299740255031
0.7118037444371692
1.2868880316753615
0.7080755181437915
0.6854151484559379
0.578350153248957
0.7520739865001415
1.8784906379113315
0.6643495386847724
0.6544771964884734
6.139016072876425
1.6785066886946147
0.3119615442430738
0.3334793497687715
0.6388088397081914
0.6166818709893725
0.4466178777645738
0.6714922796363838
0.14483775698111648
0.24853058894358757
2.9796510786806367
0.38026255839911804
0.8571804485353097
0.6198415053831339
0.5047663373458292
0.23617139339354531
0.528146910768862
0.38074325219187877
1.0408158706045307
0.6899776433532642
8.17947991950757
0.6309654926020377
0.9670507511823179
0.8139176292557346
0.4094436745739039
1.4551912288487576
0.6047927553022958
1.3624301898835167
0.6393061016746172
0.8128129994672351
4.596515691886127
0.6228292090481251
0.8022183156661088
0.8120075471041901
0.5390306986065785
0.8513828968783987
1.056484967061271
1.148086604554416
0.7282986568530968
0.6485719898303121
3.047778017417103
0.8172917254877564
0.9716518638454311
0.7747291865539887
1.1640569483891035
0.7898759981366741
1.5351143572170176
0.9720151310662078
0.6018168258837919
0.40092186356151255
4.670008134511653
0.7379956290077039
1.0619263563786454
0.7692704911114017
1.348378234097582
0.49570517473458614
0.7592899043280722
0.5370300428464118
0.7242902467235894
0.976537998198034
6.284661410054574
1.0544554149890237
0.8119619200914934
0.5169502620610317
0.8000268548169266
1.0369147245333203
0.6608860038661142
1.4519327020964665
1.2290254760426431
0.9333633783056267
2.972361023494993
0.47661764744892865
0.792393525339857
0.5183147993987622
0.8785227409302405
1.1945472535576105
0.8481271530542347
0.8409890804079053
1.3431409871013642
0.772257361985871
5.913361125499173
0.6831279894089511
1.02947455142969
0.7630382546821245
1.3583893008783412
0.5465833728027644