25.337
15.195
13.964
14.959
12.393
16.457
11.295
20.806
27.454
27.298
26.038
16.382
12.08
14.067
18.768
14.37
19.175
27.534
28.759
14.842
14.296
18.193
13.03
14.099
13.288
22.045
26.818
29.125
14.753
19.454
18.148
22.785
22.975
23.199
25.317
17.264
15.19
16.382
23.49
13.412
19.803
28.09
29.027
18.456
14.566
14.496
14.005
18.158
21.591
29.908
13.825
13.43
15.321
13.627
14.583
16.345
28.746
19.641
16.382
18.245
23.041
27.599
16.862
28.812
18.209
28.373
17.719
25.781
18.42
27.998
26.182
19.84
19.038
28.591
16.553
29.788
19.76
12.333
14.6
17.724
17.134
22.844
28.522
25.077
19.461
17.739
14.97
23.098
23.055
16.371
12.906
24.9
24.747
17.447
29.645
21.927
25.356
27.295
18.414
14.36