0.32089941681551143
0.35969098628690666
0.19596388875171702
0.2610162154160005
2.370084758096485
0.18610622249617542
0.23108693020158605
0.2804471506865076
0.17203383041303774
0.22681403139302217
0.2690093944933043
0.36138384851023486
0.1934818649849936
0.26709963870032843
1.1950361278264041
0.13843350705806506
0.2067683208460222
0.16726199987708193
0.10396511873921077
0.17686346338384298
0.2795430834792142
0.21578040461750456
0.16125754461462316
0.18280498872503756
1.6095135614660512
0.13966971297575478
0.19906318163142947
0.09748267817401737
0.12202798864857783
0.17638557934852936
0.10430119020539369
0.2151330806224248
0.16438626813024354
0.20042929534003934
1.250640494827275
0.09827093836960453
0.09386448468152904
0.20909639650945544
0.13781412831011824
0.1620657855915778
0.21211672685772237
0.2492986972133731
0.2017398469060926
0.25290489029227525
1.9563368248830244
0.24048252738658693
0.11802944953629954
0.35702752549245087
0.31508526270555803
0.2392078534841927
0.2037217860547599
0.22751874474377248
0.21134109932118827
0.23689885779513467
2.2612940235130754
0.2729424442146356
0.288596187433665
0.21254517029711031
0.3818483610288141
0.27431708072627914
0.31468815474438305
0.2319659572829213
0.26151946532328335
0.3202809244705499
3.7051245602301144
0.262521947959549
0.2991150511792573
0.2942251181014494
0.2221528714397011
0.2762776091825065
0.21567647377400362
0.2858156200238904
0.27152529240110757
0.29964306602886803
3.202600192477676
0.24684411487509417
0.2769952121868987
0.30151445119871473
0.2969414464624629
0.2405584557781564
0.3804190261125104
0.30651325184295136
0.2858509548892855
0.22869466653331527
3.2234655428283108
0.28207264333100984
0.2800866048893164
0.2556106059542199
0.17035290080694382
0.24143891504567538
0.29036988052598284
0.38247858598606
0.24115558302230025
0.1602181302206113
3.485502843095049
0.2833960621925648
0.3219930645556762
0.27015991283262186
0.22091336242346202
0.2310366964424531