2.029
1.313
1.6
1.643
1.847
1.491
1.36
1.898
1.456
1.668
1.99
1.244
2.267
1.592
1.753
1.126
3.09
3.106
2.804
1.753
1.731
6.969
8.404
4.723
2.222
2.024
7.486
2.836
3.028
3.86
2.31
2.043
1.335
1.365
1.332
1.491
1.388
1.315
3.489
1.374
1.407
1.094
1.724
1.964
2.064
1.541
1.299
1.737
2.092
1.572
1.229
2.249
1.492
1.714
1.595
1.635
1.576
2.088
1.243
2.058
1.068
1.253
2.3
2.267
2.42
1.735
1.173
1.535
2.968
1.958
1.294
1.669
1.502
1.143
1.437
1.059
2.168
1.697
1.458
1.187
1.485
1.269
1.12
1.376
3.12
2.562
1.119
1.758
1.263
1.122
1.388
1.619
1.136
1.188
1.735
1.581
1.127
1.101
1.279
1.947