0.12538673392817046
0.2613335918702588
0.20205241450375805
0.225110929912653
0.23289071139320522
0.2630910726947223
0.25191662273413784
0.1569753011923597
0.14831243760897084
0.10847397029082183
0.12253935972037876
0.3489077785540319
0.3534161590568374
0.20078038657057704
0.1737214281227428
0.19697092870485
0.1394719544757154
0.11625257956210214
0.14956842182409244
0.20999776510107085
0.23859225153577265
0.22154541964203373
0.25283509564980083
0.3654235191155712
0.2848428188922973
0.1382494618093942
0.10435876739970852
0.09349174482283112
0.18794293892098526
0.1789628417789954
0.15202926030202543
0.19700737204937768
0.1301513630448982
0.14334022779412792
0.13366414878227298
0.1956442618280406
0.22315440434724423
0.22489057657375708
0.24767517990499885
0.28811147836205725
0.13862356832584335
0.10724754252002996
0.11240369189190692
0.14529646210886288
0.21458664822787302
0.19397654952651044
0.267077545737511
0.21950005644294066
0.14843886006848128
0.18320952845223126
0.2902722424580214
0.20388583802289903
0.18282226609191202
0.29998976230234586
0.20005676395234157
0.20708576580847762
0.14106900093124547
0.1443851111076405
0.2679970694349538
0.1546395658341868
0.14872127105732183
0.14762728846662163
0.19135800993893445
0.14138223061342392
0.18517738890225305
0.14449675677639665
0.18234246356324146
0.18693117008814714
0.21797080961179383
0.09926712260187802
0.15090069424270575
0.1406264452295257
0.17630194070722707
0.0985236105200021
0.26418894275544147
0.09449502952421986
0.1647101708443552
0.24142974659264735
0.23081715224052413
0.25403215724006734
0.19005216688138704
0.24490752493815274
0.13307324683702423
0.11422360273817644
0.17419918942571916
0.24946532558732948
0.2238873416032765
0.25030791846236083
0.17178704536777661
0.17727353590747028
0.26299099167186923
0.16317944937377882
0.22537213910168064
0.22331849384625463
0.09195279912328988
0.11715214423219764
0.1277694756885958
0.21084818470989902
0.21393654313039212
0.19319870345214626