2.903
3.335
3.268
5.296
3
4.72
3.682
2.89
3.529
3.351
4.619
3.849
3.557
4.816
3.974
3.635
5.155
2.912
2.682
3.336
3.204
2.776
3.996
2.883
2.674
5.272
2.977
3.095
3.087
3.121
3.477
2.927
4.747
3.03
2.924
2.728
3.042
3.661
3.226
2.875
4.281
2.878
3.184
3.02
3.241
3.509
4.002
5.394
3.992
3.045
3.797
4.393
4.496
3.743
4.924
2.977
3.175
3.221
3.274
4.144
2.975
3.102
4.078
3.356
3.396
4.108
3.058
3.69
3.331
5.186
3.649
3.207
3.467
2.979
4.035
3.063
4.696
2.951
3.398
3.274
3.223
5.02
2.745
5.058
4.067
2.964
3.071
3.214
3.118
3.076
3.216
4.475
2.758
3.278
2.969
3.48
4.802
4.06
5.523
3.465