0.015560314419777014
0.011451515660960353
0.01127114478348813
0.007073646552075255
0.014999623620389499
0.013572748002316516
0.010585695581880756
0.014767263556979732
0.011611176437212269
0.01192191986422731
0.008044474731188396
0.009662099296398292
0.01108454323627454
0.009872083974342536
0.011869693260549668
0.010926471487979471
0.006976208461237632
0.015425494172259132
0.014385689067559923
0.011340983516332314
0.01199466178690273
0.014423861914023398
0.008840628504507944
0.014200046528813652
0.01476644097117637
0.006952029561986938
0.01466139698835892
0.012613024813771318
0.011388552847048334
0.012856160829441573
0.012304308690762518
0.015116996848699127
0.006901698145999672
0.013904084279472819
0.014558534252533673
0.014225619897125273
0.016012041503456077
0.010046816442289087
0.012004381756664892
0.01596239932272072
0.008102444347538483
0.014302871070315039
0.011380558810632433
0.015851327916841514
0.011114146632227298
0.01043994765266587
0.010732391081625344
0.007493701836359858
0.00901030847183436
0.014044733847725517
0.009512833211515555
0.008175891458269054
0.007697888444356042
0.009971870572415057
0.007624153113195854
0.016062186849213386
0.01135280879198492
0.01102859031821293
0.011138069294653188
0.008435078496699474
0.016289845110290423
0.01109857160982711
0.00821877047632943
0.011260563966487381
0.010965291030364104
0.008415804338418638
0.011952616813497574
0.01073643086529112
0.010744461804945784
0.006910010443550654
0.009838535781615953
0.011124190427722164
0.011811176570062662
0.01376288965727965
0.00941785222710217
0.012221379390827401
0.007368635370700965
0.014009851716048695
0.011823215833302293
0.012099342215497313
0.01165199310010185
0.007578542131353215
0.0166202056321822
0.011565376915594028
0.00905575517849332
0.014905368381505756
0.016270308742757113
0.011750215267118414
0.01152632530104961
0.013527471210197987
0.012423728013764351
0.008431910546336435
0.014272778400513884
0.012374189327021149
0.014685566280605886
0.011234406481915638
0.0072163571131571794
0.00969216271339066
0.0067955333701036225
0.011458828875125901