0.902
0.989
1.233
0.959
1.003
1.487
1.337
1.288
2.484
0.532
0.979
0.783
0.908
1.069
1.621
1.019
0.873
1.156
2.494
1.43
1.205
0.871
0.814
1.117
0.91
0.703
0.77
0.938
2.536
0.652
1.041
0.82
0.812
2.094
1.021
0.867
0.904
2.745
3.118
2.239
0.778
0.971
0.932
1.033
0.807
0.872
1.353
0.915
2.533
1.179
1.236
0.812
1.297
0.894
1.236
0.935
0.845
0.971
2.332
1.368
2.075
1.205
0.767
1.057
0.872
1.444
0.747
0.83
2.518
1.301
0.949
0.772
1.383
1.208
1.126
1.585
0.772
0.873
3.055
1.137
0.937
1.261
1.274
1.411
1.031
1.335
1.278
0.938
2.609
1.306
0.692
0.794
0.985
1.476
1.026
1.342
1.43
0.906
2.628
0.68