2.11443114082828
5.568286266421994
8.362998620566179
6.367007110296304
3.984016024696337
3.8852122931442077
5.410948293577402
2.409389106963014
0.43701807651242236
3.72504176423814
1.9848469803962796
6.655966718466718
5.875974455845594
4.406751192256438
3.288816734891135
7.495647926751037
5.36795527064858
2.6942427173669006
0.46807556933533406
1.9301152628629417
1.3241406526872495
7.500242437941356
6.821772489492906
7.48852279967234
7.770366423694163
8.892856371186946
7.849174987985261
3.1831280720985258
0.4392143297195736
1.827624795314947
1.477335200606478
5.869043131610811
5.067647464575
1.6523180063606995
4.441220394075681
5.659772899318698
5.694703730959271
1.1504200979825072
0.3346831904837935
1.059758334565436
1.9965768254808018
4.928511901911011
4.935876989883657
5.044369655551359
7.120273198467592
6.632278938336281
5.794116652387609
3.248748460495654
0.40982924996582554
1.799498322150613
1.2582195010563286
8.116775244942332
2.8297209562953904
6.729484725017591
3.652336647916611
5.970653493410468
6.688354027172854
3.197233030911261
0.478941675394468
1.6288352256797307
1.6455650046461294
4.550240515459811
5.05154885220087
4.310624076770766
5.779313465895355
2.2020259796027912
7.846279534097113
3.80123753765534
0.4225872452671104
1.4619234447836813
1.580104606563093
8.853476746338965
2.3135476610839496
4.318104054493739
3.1209891375588428
1.939380060101459
5.510728291616664
3.971745094946008
0.35004365342730814
1.8011045521203901
1.5351337913578016
5.8206749742743105
4.732380812052786
2.4345488062331033
5.5081813455673885
2.8166812164736754
4.913328336977172
3.4000296504555454
0.38761012139670376
1.9038971806080205
2.250217179445343
5.663438582980362
7.334013389497412
3.4435169316729772
3.2442733966775896
2.379503945007193
4.184434723010309
6.598546676629137
0.43424695434547134
1.6155128241759287