0.873
0.931
1.143
1.064
1.282
2.01
1.115
4.819
2.003
1.629
1.134
0.836
1.436
1.908
1.218
1.025
1.222
2.799
0.834
0.781
1.186
0.842
0.844
1.011
1.132
4.219
1.422
3.04
0.456
0.809
0.802
2.229
1.551
2.915
1.533
2.789
2.355
1.645
2.03
2.1
1.055
1.868
2.05
1.682
3.997
2.63
2.732
2.153
1.146
1.788
1.12
1.448
0.898
0.959
2.684
1.207
1.097
1.061
1.635
1.254
2.69
1.307
1.095
2.812
1.323
1.065
2.666
1.446
1.495
1.618
1.3
1.785
4.092
1.453
2.177
1.138
1.136
1.082
1.489
1.059
1.669
2.076
1.935
0.688
0.789
1.16
0.815
0.899
2.381
1.519
1.004
2.432
1.495
2.507
1.61
0.848
1.081
3.719
5.047
6.962