1.46032481663577
7.522692909040742
3.9519576883584864
0.16219541468493753
0.16203729935810784
0.10780562791756575
0.15328992549066184
0.2876211531722895
0.40180276931768283
3.2858870876937876
5.9494226058555935
6.263044697101996
1.8293437769519776
1.7341080551734436
5.989861970210918
5.86719227952264
2.498231785132489
0.360421989386462
2.52972814297371
1.8425709558263244
2.674591450466254
5.534165189265269
5.519619243354336
6.387530849137162
2.7433453036057216
0.7583869540537688
4.663978224761348
0.33808065959893707
3.2931746968802504
2.2436427757006867
4.655648406771931
1.320589038195396
1.9210397865854802
1.0579151699925937
0.1703083025221046
0.07314504873307212
0.17031947612007933
0.16030454876247133
0.14814326633038452
0.13896915896200154
3.9485632311686905
1.6819102467117304
2.1413569901415963
1.8724477922894018
0.3477156188290147
0.6806221647612578
1.1897329181795728
1.6359159056721608
5.418308432447586
1.910927386807258
3.7326967362385908
3.27778545267622
3.7885503659979887
3.2281871633723838
0.381998198688813
0.13323995315550818
0.1828155807021314
0.16450860209788573
0.13874732432942577
0.17522992440026194
0.44505849381925605
0.2657169055319851
0.1650138440935456
0.04566701686050203
0.12165304201804727
0.17312031524031055
0.3084680971678528
0.2850991100034469
0.12055011312761758
0.15621678512223075
0.15720202532164013
0.0958842250349712
0.09764177625225866
0.25845775941696525
0.0836140044303132
0.15127921735724786
0.14599301926136515
0.16234917813165703
0.12253745610395955
0.20985408114887288
2.1170548244359964
0.5183125736107641
1.3789821905498698
2.6653361201473027
6.281228771750791
4.464222942581166
4.0605238270634025
6.33630618630154
2.056803847779276
1.9059204265653598
3.250072074968172
0.47260268483269885
1.2805366636877262
0.9587398866673101
1.657550055096822
5.37306156169588
5.462772424653059
0.8580261429532567
0.5894280790656994
0.4007668433203132