1.60768400213132
0.9325556419701488
0.9407974157109061
1.1647571711231315
1.1174855173375133
1.1715216364339114
0.6913219407950297
1.3698023838504927
2.5016072635669095
1.8305297463853993
2.5343663942381114
3.833078234034794
2.4083368829016902
3.4055567939298568
2.519880173402285
1.7751714799729192
2.127324805856867
3.6606043797800503
4.553908220760544
3.504587062341188
3.532083714547118
3.6415225549730326
1.0473180453217463
4.554194695693974
0.9646161673529272
1.1802397590001539
3.2263306562816
0.9140049709345588
2.1821592837582444
1.841402018563146
5.7843736898844105
4.299022690717232
2.676959225017174
1.563618910778755
3.159240485631362
1.6623198541228228
4.609707972764423
1.984588720520574
3.1194663371154987
2.0065502353767326
2.617453215789099
2.0099346098583704
3.22918239361958
1.9689874610263063
3.673798734876457
5.278815113907705
3.8423359149754086
5.853254899584094
2.8078725108866065
3.811926605504587
4.816836822170613
2.6546462582595503
2.860446224892895
2.5720519794096703
2.084738621186073
2.55267648673497
2.2144056630583617
3.1177100615750852
2.487846016469888
3.5301347701503993
3.711812575879602
2.808934521405493
2.881506947187923
3.853117471571405
3.565966201254696
1.6792669057254506
2.2244538536931544
2.5440196572497635
3.3574352495022834
2.899780430131742
3.7548243918920563
5.377517678614972
1.0409519405078702
2.2559951749095295
3.525074567599208
2.069627281525077
1.168274035919842
2.1072561970580472
1.5559052032765
3.4846086648352514
3.240133907100899
1.1480663059861238
2.5016515464185125
1.5421782623356188
2.9868650081416037
1.6189810747134947
0.8837069242784781
2.264893567716092
3.1067345444598207
3.063791026590013
1.0701429376534035
2.0566195445562
1.2599271283996616
1.6160557284979986
5.404471317265593
3.326171685637277
2.96228369123488
2.9867649021804104
0.8728444009238662
3.8149604450518626