1.737
1.992
1.62
2.041
1.973
3.647
2.318
2.137
1.371
1.717
0.922
0.848
0.889
1.265
1.459
2.057
1.129
1.182
1.174
1.366
1.22
1.283
3.565
1.21
2.762
1.545
1.109
1.885
1.709
1.62
1.142
1.172
1.625
1.5
1.145
1.437
1.124
1.699
1.294
1.736
1.346
1.204
1.131
1.7
1.773
1.048
1.637
1.069
1.303
1.15
1.106
1.875
1.35
1.229
1.294
1.637
1.181
1.24
1.245
1.102
1.062
2.306
0.988
1.033
1.163
1.536
1.128
1.269
1.625
2.033
1.07
1.084
2.331
1.345
1.306
5.594
3.783
1.87
1.616
1.225
1.117
2.107
1.652
1.664
1.131
2.237
2.219
2.133
2.296
0.943
2.251
2.018
1.33
2.301
1.135
1.413
1.38
1.261
2.979
1.061