15.412
18.13
13.208
17.815
12.184
27.392
23.943
20.449
12.43
24.111
21.549
14.899
18.686
13.886
24.079
18.563
13.376
15.617
20.04
19.735
17.721
22.713
18.991
20.263
23.747
23.653
25.102
20.581
14.399
18.088
12.215
19.242
21.119
12.377
18.216
13.922
16.268
12.358
13.818
14.342
16.537
12.839
12.594
25.249
25.44
16.877
13.108
16.359
12.621
18.876
25.999
12.052
17.679
12.473
18.939
14.384
14.605
11.486
11.025
19.646
12.004
14.27
21.017
16
16.411
16.83
19.011
14.504
19.612
12.814
16.039
25.784
15.398
19.684
16.165
11.508
23.615
14.114
21.452
12.559
18.706
21.267
27.382
20.234
23.931
22.699
15.493
18.151
23.885
13.223
21.191
21.136
10.995
10.684
24.754
18.063
12.791
19.377
11.285
21.512