0.41041172428202605
0.3056616133467513
0.4484797811873414
0.3354274196360368
0.4960728986229439
0.7930934170283921
0.24156816362336705
0.27437640150704146
0.4881358344243198
0.2379827389344263
0.2799378641618922
0.3956461062436011
0.2926234843731166
0.4183558144582267
0.2429288559749866
0.29012069659163026
0.43865820646895526
0.3831523870859656
0.2883437975116254
0.2984794169092987
0.3257319804742528
0.23877636059300347
0.30676679821413416
0.2891956893061698
0.9043346350505213
0.2359897758455927
0.23454066206801852
0.2753357203952434
0.4057551321750152
0.30497362354438284
0.4642425374339258
0.28632941083994085
0.28802467120563136
0.48218092607116475
1.1934910175010522
0.4050989232656357
0.35967096455130737
0.47040189614420574
0.46173573643319676
0.42425915852535234
0.3397175039468664
0.423494861275842
0.4612271525747623
0.2347305811270045
0.8535316634099815
0.31639180706628306
0.44810558243438603
0.34306947378085395
0.4643540123795061
0.31395348326574696
0.21527298734538766
0.47142824615025664
0.3440331363161121
0.47790860448241335
1.1455257915369466
0.3783038615958684
0.5023550919924864
0.5017651855409188
0.5221777314195009
0.3100257998723035
0.521648184505435
0.41000609568357177
0.27618013398287006
0.370936973223699
0.3343845194278648
0.3510516827610795
0.30078072743916134
0.41932510850905613
0.3054512512821822
0.4702179015742225
0.35498817501294117
0.22907063564752786
0.36990775572344825
0.290213300461822
0.36709399410413485
0.5241863731474536
0.24883853231534175
0.44493261452841654
0.26352119850077865
0.4534387701095391
0.30823618623540944
0.27292797658898044
0.194698376201995
0.28621101320074194
0.23693822914430965
0.24947378985471533
0.38525123516929777
0.31627473449873245
0.22929660342201955
0.4559554316355875
0.2770886120443081
1.0224717219528807
0.48493068007597756
0.587519407604564
0.22767615498154423
0.31630806112234744
0.4567580154221749
0.291815508670484
0.5004295373750498
0.2777410430581813