4.007
2.833
3.929
3.482
3.975
6.408
4.159
4.158
2.784
3.873
4.112
3.443
3.215
2.58
2.899
3.512
3.282
4.461
2.936
2.949
3.222
3.233
2.432
3.239
3.393
3.655
3.258
3.222
3.059
4.592
3.614
4.119
4.011
4.133
3.598
5.471
2.178
2.977
3.563
3.349
3.299
3.045
3.266
2.906
3.03
3.844
3.232
3.423
3.186
3.228
3.317
3.035
2.812
3.068
3.251
3.489
3.164
2.937
3.572
3.999
3.541
3.259
3.074
2.95
3.082
3.765
3.099
2.955
3.159
3.165
3.183
3.317
3.405
3.05
3.132
3.584
2.993
2.994
2.978
3.214
3.232
3.092
3.085
2.555
3.289
4.746
3.156
3.112
2.774
3.323
3.783
2.869
3.174
3.448
3.284
3.781
2.914
3.125
2.545
3.686