0.8687488328609092
0.7651198684639245
0.5281975427292412
0.994744308451753
0.6700929335737131
0.5787952277059745
0.46967263965426836
0.8163137169454571
0.6906470258834182
0.5764082581113221
0.4939957917029667
0.7654608035204125
0.7634324802468239
1.0123504836226134
0.8346558016388805
1.1157347964950046
0.6734459852887004
0.552834047448064
1.00941018022877
0.7553412196491961
0.8992384107571136
0.9509188300433769
0.9837009825775275
0.8873130518977729
0.8835649811340238
1.2320069504778455
0.8139380991534659
1.1667003781398808
1.233275749589792
0.819937156302509
0.754398693534889
1.0626610630843087
0.9746615472649917
1.3854649387488567
1.196076319108965
0.7897847191023278
0.9392454097013794
1.1651664126826131
1.0428446001856981
1.3755416941486855
0.7743979865092818
1.088448577343347
0.9310713164500568
1.1091289579222885
1.1773836691380282
1.2912835959895812
0.8816465038212411
1.1249453774262834
0.9624380322113901
1.406739869650383
0.8918940263523419
0.7881864204123831
1.1216204342225216
1.354987790675833
1.1825060983641484
1.3393671080473615
1.0002123102789628
1.069905252811341
0.907841777323513
1.0276782255488524
0.815702171766397
1.074031470214042
0.9606111243733588
0.9394902651734989
1.094893193793413
1.1229838518684123
0.9764730838781471
1.3037774515201566
1.1442687276217969
1.2957976791729766
0.9589157566154395
1.070707916467505
0.9670138300913201
1.2473466796397557
1.0500297110575665
1.159213374025235
0.9982896391437657
1.3854663373106522
1.0705456505070958
1.2185287912128924
0.6544392699544791
1.0755352053685034
1.0268411506800865
1.198298372961565
0.8810491589796916
1.1731934609897519
0.8477111449545597
1.1556527362961244
1.104293131902403
1.1897396768052697
0.6694999959876275
1.0665252726017582
0.9023655713030214
1.1873751022376808
0.9655413180930706
1.1059677562019044
0.8440776202688542
1.0748447668057353
1.1111547000240731
0.938067493616779