2.127425940957419
1.9223364214043683
3.7622461789142014
0.9534654915772708
0.8319298599673192
2.2043360982005042
2.2302747912846486
0.7562119556596769
2.878684350927113
1.928901925765163
3.563409798491601
0.9840057029450887
0.9080704285025283
2.0609441142169977
1.7089367779569067
0.7649494492765815
2.9280445120791327
1.8262014729746598
4.103940653053298
0.9786013437150803
0.9056586732498279
2.260069786010155
1.9369219245915406
0.8192538224182178
2.652276024633241
1.9687201017958655
3.716214174606378
1.029144580582838
0.8975915295116818
2.1132845008993453
2.0565765751295957
0.8320592103765275
1.857048429936221
1.1832092772508833
4.007558459881619
1.0230087811741007
0.8886935514006509
1.57433658809704
2.454516037794642
0.7977333100905688
2.0342845653315553
1.4371632316292855
4.040899206698119
1.0215942301845546
0.8964105125710929
2.332747904430632
1.9540649481954904
0.7904864147808278
3.0381401747786603
1.74505313489032
3.9671856361052287
1.051852622757312
0.895962361726366
2.2625533638301123
1.7155974064931516
0.8143289872923876
0.937626475993325
0.8461698271784265
4.240582574224044
2.0282330310234817
1.706927086981319
0.7174489966569308
0.934052353668127
0.9524430397888549
1.0180559301059382
0.748272672636833
4.123797399625696
2.193883470453253
0.8416105754132313
0.9656170268957418
0.9914212298371256
1.3993494626084741
1.217122349382117
0.7348930021936975
7.582235231003714
2.068067163515796
0.8300569693297304
0.9542066127122726
0.9549525322217833
1.33089939911843
1.1536092207141606
0.8596690139754625
7.147533698782156
1.5787119737443567
0.7138890324443559
0.9663615099629139
0.9530881631048645
1.65820414159447
1.1502418567647603
0.8877631055955482
8.71884000466799
1.494889857989489
0.7952958508149122
0.9558597123477593
0.9943156362279305
1.8076185091609391
1.185359563226815
0.8631676280216635
9.488277172960743
2.085583621030493