0.999
0.737
4.502
1.966
1.664
0.721
0.665
2.22
0.871
0.792
4.46
1.936
1.472
0.801
0.888
2.169
0.802
0.859
4.148
1.921
1.508
0.669
0.708
2
1.106
0.752
4.289
1.837
1.482
0.74
0.724
2.096
1.198
1.141
4.304
1.852
1.515
0.93
0.653
2.021
1.121
0.943
4.204
1.848
1.484
0.651
0.745
2.067
0.801
0.772
4.163
1.86
1.49
0.682
0.875
2.085
2.231
1.622
3.876
1.003
0.825
1.809
1.556
1.84
2.277
1.759
3.934
0.902
1.662
1.574
1.578
1.103
1.907
1.866
2.275
0.909
1.679
1.566
1.573
1.233
1.875
1.703
2.27
1.191
1.821
1.582
1.547
1.098
1.91
1.65
1.979
1.307
1.694
1.538
1.511
0.91
1.811
1.673
1.69
0.987