12.154
9.704
25.653
9.242
8.998
14.024
7.923
11.254
1.434
2.453
9.221
7.075
8.352
8.561
12.761
7.725
13.615
1.334
1.136
7.334
6.144
27.056
12.708
6.773
6.325
5.09
11.455
1.27
1.279
11.032
7.753
29.054
9.562
12.765
6.603
7.422
9.463
1.188
1.175
6.007
8.461
25.766
7.917
7.141
5.713
6.309
9.943
1.129
1.075
10.102
9.899
7.14
7.578
2.79
1.281
8.987
6.527
11.9
6.787
6.724
7.555
10.521
1.841
8.009
5.772
26.235
12.633
7.049
7.232
5.525
9.892
2.163
8.068
5.396
10.77
5.935
6.889
5.553
9.601
1.083
1.503
8.964
6.439
26.807
13.272
8.835
9.327
7.818
9.667
1.372
7.769
12.245
28.893
16.279
7.249
9.725
8.447
7.226
1.069
1.479