0.14981949029457928
0.09000919712045827
0.5905866230078244
0.16858380715042204
0.13119058202251663
0.08266769592827705
0.11573383257221381
0.11410798425780463
0.02295102461791701
0.013890435721261758
0.20005371784132375
0.16393638141658717
0.17723750438631164
0.0744135093318698
0.09548516836357357
0.12271431887909913
0.0981248807924546
0.017978122623567558
0.018065184247619596
0.26186929010843074
0.17821661836971303
0.5603588263259686
0.10494466144077169
0.10539165226929283
0.24170587307994718
0.20441464644040627
0.10629581280003023
0.01795206665983087
0.018705400317026135
0.1452352816145236
0.15563448290437323
0.5342039559580872
0.12120801718778548
0.07954517872008014
0.2034665745550892
0.11218567323816261
0.11052158747427392
0.009948439670685202
0.009659511143190667
0.33975331681708
0.0944508192083751
0.59129551253716
0.18835453609758637
0.14752400760373896
0.1962441996250051
0.152334587814044
0.1057194607102698
0.018608066708912623
0.019519039376391777
0.11444667473637375
0.12535383647039017
0.1788522875719693
0.11545708686179325
0.019349947257383968
0.019441997843056547
0.20826386422446597
0.1427047805356736
0.126314514726191
0.1398059092640853
0.14116515925108483
0.14001481174862998
0.10945183786576072
0.024135561271574152
0.23599823556020094
0.1395848624408185
0.5712001398330471
0.09610011031562814
0.1276624025377823
0.15321124446950324
0.170381469675747
0.1299686389026274
0.009961886452298221
0.2244341963798417
0.17790293534971277
0.12716268268594294
0.18550787915161657
0.1215702725740992
0.16211638381892549
0.15511776947040812
0.025471462528093524
0.01911840432909968
0.21849650717912852
0.16801297139361376
0.565824998337272
0.11751358619751845
0.11507508993877692
0.12061339719087608
0.14775374424015983
0.12486548762766835
0.006518298355624828
0.24011769140406283
0.09187672489048947
0.5246512449943972
0.09369543003202686
0.13293374900445046
0.12018326212096203
0.10893480708510449
0.16081900433765572
0.021955402714853488
0.018467908433612103