0.45415869386319235
0.3445002672866511
1.9810642709955093
0.9265118628845146
0.7629041667280665
0.7287746691489326
0.6666486472789316
0.7995374370245336
1.0082318368503045
0.679582072750299
2.9907152780500645
0.8852830479501812
0.766236351769877
0.8053236827052759
0.7733139339754098
0.6087103199507254
0.7817928792500723
0.573704644487124
2.0523555943776777
0.6420194966941041
0.6140876292118285
0.7719129178182186
0.8139401408007934
0.7237323503081647
0.8406529179910501
0.6416737442731199
3.3717036272839267
0.8524233759626848
0.7948868418962916
0.8605860875422806
0.8750905756663108
0.7873323707206789
1.0064456716947725
0.673913043478261
2.2143237956461963
0.8637708602340788
0.7344740867535234
0.5865964119309487
0.7503591915039626
0.7395322249052811
0.9343971764465375
0.6801291325402046
3.2513139751015587
0.8634607221607977
0.6830610789592708
0.8484674764021026
0.8667660801610566
0.3892054035849269
0.42726650572157443
0.34690047573248867
1.8228727899174901
0.44477296396184507
0.3772771008789474
0.35383891677649293
0.36209710531718337
0.37834818815939614
0.512096955806312
0.3707524526117501
1.7957797103936866
0.3812829348437925
0.31797074692304167
0.3608409916330218
0.3673955327263484
0.38229475022085735
0.4648390897206866
0.29730628514002877
1.9539599449527931
0.38575672165075275
0.29152550486722767
0.3360572306729736
0.305447962679865
0.2779896550688504
0.47049485912032446
0.287074657769998
1.820595563056065
0.26416598053813667
0.25792599025316104
0.30637632131727555
0.4201893832363802
0.7588466213345038
1.0592262494009
0.6727704869256671
3.5244500861877306
0.3868527380667752
0.8255474269497394
0.7486192189514359
0.7246542560109598
0.7314254362976664
1.1225362089294828
0.5604216302072054
2.4249855065859593
0.8850590218784683
0.7309313025980353
0.8359425002601928
0.869216359796036
0.6618639592675286
1.0211849171667153
0.7507963587697807
3.7152255409201533
0.893584318121286