4.484
3.708
8.444
2.033
1.826
1.901
1.835
2.098
2.123
1.976
5.301
2.157
1.79
1.777
1.798
2.745
2.517
2.372
7.729
2.517
1.88
1.772
1.797
2.054
2.352
2.228
5.05
2.113
1.621
1.704
1.685
2.067
2.109
2.08
7.223
2.234
1.825
1.959
1.906
2.187
2.278
1.967
4.862
2.258
2.062
1.694
1.619
4.042
4.468
3.848
8.97
4.223
3.398
3.678
3.614
4.325
3.996
3.732
8.914
4.567
3.788
3.505
3.429
4.251
4.209
4.433
8.654
4.739
3.841
4
3.954
4.747
4.289
3.954
9.049
5.334
4.296
3.891
3.221
2.19
1.993
2.03
4.977
3.449
1.732
1.834
2.018
2.189
1.991
1.96
6.601
2.206
1.761
2.015
1.747
2.185
2.086
1.746
4.424
2.165