1.3234409674203196
0.4743752619084739
0.5313995885360439
0.11758102916978616
0.4681489549700745
0.4760662168257736
1.4373402092440861
0.4440699519308605
1.378377255159102
1.3567610156137484
0.9653275409288233
1.4463121252220354
0.89358641035658
0.9021079050828419
0.2562051413224197
0.8346176963036105
0.9196021306845957
1.0744428161145643
0.674361180292294
0.40901887555021404
1.3532270719842177
0.5549463806282373
0.6961074818464196
0.6566569958281273
0.7157408304610032
0.6832765489743536
0.8001586903651172
0.6692449246488084
0.24104740604567562
0.6797113492237044
0.5621044794639533
0.21051220848664984
0.3779089135297197
0.8968477091437834
0.5129910922581018
0.6816957599285373
0.8482538974711094
0.6753030084037084
0.0832973478053054
1.4924799782815257
1.7436231355593754
0.654497647842511
0.2572789867341544
1.5370571883389959
0.8216178601625692
0.7532688905191387
0.7067291293820402
0.6433239249781095
0.9813987374750424
0.7425478598519054
1.4448210104521206
0.7432966432257646
0.9189381953990197
0.641472061829012
1.3795188431761467
0.48395405083943877
0.4665988475354979
0.49403317872295305
0.43531860793271576
0.47057123536320594
0.5941824576594591
0.9915038382246364
0.903198138500231
0.4832236987720339
0.49902674213158443
1.105290499891073
0.8114762033176371
0.9624143966052193
0.7802181653178505
0.839280047039026
0.4246380849171378
1.5383769438879824
1.329009272937175
0.6939715319178965
0.5715617067148868
0.48996603757362117
0.6779145194197939
0.4190069638872172
0.4452197526919977
2.1040955807845814
0.7532881953785908
1.3559298849559287
0.6317302403710365
0.7189139948448828
0.891336114064502
0.9216668078566156
0.5703836547347879
0.9262537685329222
0.6366830288952192
0.48223118302247037
0.6450411679559215
0.5459792914919591
0.5702440380723699
1.0075167645344199
1.1271425860724
0.2970165430573146
1.4433683661947363
0.48355012363859845
0.4204814361485108
0.3960229436882305