1.124
1.253
1.097
1.685
1.14
1.094
1.191
1.201
1.596
1.111
1.597
1.12
1.636
1.812
2.112
1.613
1.099
1.448
1.277
1.091
1.287
1.255
1.072
1.482
1.856
1.098
1.88
1.227
1.881
1.148
1.928
1.82
1.09
1.256
1.109
1.071
1.65
1.269
4.453
1.59
5.279
2.316
2.008
1.696
1.118
1.51
1.23
1.53
1.161
1.97
1.14
1.13
1.303
1.143
1.822
1.355
1.237
1.131
1.218
1.112
1.261
1.716
1.807
3.666
1.16
3.45
1.515
1.898
1.293
1.788
1.304
1.716
1.169
1.659
1.122
1.106
1.09
1.243
1.135
1.735
1.594
1.668
1.283
1.116
1.058
1.6
1.225
1.682
15.307
1.145
1.581
1.964
1.515
1.161
1.596
1.08
1.093
1.105
1.135
1.245