0.09650559122078535
0.12283603901717988
0.16028396932283345
0.12432311234589793
0.14190567105409596
0.13446531036833295
0.10191517670966335
0.11474629322338968
0.14309207798919985
0.13209607535156126
0.16242629183167442
0.1061942802256524
0.18013086124033573
0.11294807580796695
0.1051084540442951
0.1581734618904038
0.11438658242883801
0.13850860225955522
0.14382431714748306
0.14313115845082755
0.15091246095675365
0.14626368535491946
0.15338679914016956
0.14519878188031654
0.1052837083997671
0.13395003583854026
0.12223986442758308
0.12318527961427021
0.09845995092700979
0.13075965860387276
0.1537739717429046
0.11643919821117796
0.15598152786601002
0.12281459232050602
0.14436125063918318
0.13340509744739623
0.13208978469003896
0.17876829982211143
0.12072792936134435
0.16989286532768758
0.21925570164526165
0.17706318504190846
0.1646847197409656
0.15750449086292245
0.13061115393664316
0.14110914472521888
0.16152296271104713
0.17387612249763726
0.18399256398848568
0.1381805238020959
0.15754678265199887
0.09518421237224568
0.14724731650992168
0.1938293359129261
0.17363237699033265
0.17466929379942872
0.18540451178639483
0.1990700101745552
0.17035368369599782
0.18363745039369514
0.24699123164546122
0.1773412826413768
0.2042618587589761
0.17318943687985525
0.1713483812699176
0.20822780260094004
0.19889284332314114
0.19425525584559752
0.1281985927992472
0.19760549398034102
0.17077179360235048
0.19878695983723207
0.2047937718640805
0.14319951870308217
0.1953959686911391
0.19648847369220773
0.16314094801283296
0.16340798592802658
0.1730012547985172
0.1904857014736654
0.2605360080741146
0.11988680607315476
0.22630151920109137
0.18770169211424373
0.13929589374223664
0.1300333289497821
0.0870802823083515
0.12410314238601729
0.16941212751291615
0.09054450413685917
0.1854853898701977
0.167463813988046
0.15181661418729844
0.1326328207883794
0.12118556505032176
0.12157148063986808
0.11374304654244832
0.13524204212144955
0.10393511038721023
0.12993880019540063