23.161
13.114
13.613
13.333
12.058
12.585
16.244
14.624
12.017
12.895
14.536
15.652
13.894
14.45
15.15
10.808
14.251
12.512
11.14
11.488
16.003
12.042
17.703
11.13
15.244
12.764
13.955
13.129
16.395
12.842
15.477
14.458
15.46
13.384
11.93
12.52
12.324
9.101
13.478
9.774
10.537
9.689
12.432
10.117
12.694
11.797
10.095
9.658
9.561
11.817
14.229
17.034
14.437
9.964
9.454
9.375
10.583
8.374
9.721
9.967
9.773
9.22
10.909
9.588
9.656
9.364
8.845
8.836
12.661
9.017
13.569
8.366
10.919
11.413
8.416
8.391
10.486
10.803
9.58
8.713
9.063
13.834
9.34
9.085
11.792
12.954
18.453
13.238
9.666
17.834
12.924
12.353
14.181
12.407
13.68
13.58
14.414
12.68
15.356
12.735