1.529
1.94
1.931
2.364
1.796
1.587
2.512
2.013
1.791
1.246
1.853
2.21
1.188
1.568
1.31
1.79
1.55
1.199
1.951
1.92
1.201
1.151
1.258
1.074
1.951
1.213
1.381
1.162
1.778
1.188
1.122
1.617
1.792
1.219
1.136
1.669
1.378
1.984
1.329
2.069
1.556
1.17
2.064
1.065
1.143
1.211
1.076
1.217
1.92
1.134
1.261
1.761
1.113
1.234
1.11
1.231
1.832
1.117
2.076
1.806
1.128
1.076
1.741
1.14
1.563
1.802
1.904
1.258
1.564
2.245
1.894
2.314
1.095
1.637
1.297
1.576
1.064
2.559
1.65
1.712
1.695
1.598
1.178
1.511
1.456
2.935
2.885
2.731
2.852
1.658
1.293
1.102
2.102
1.66
1.244
1.22
1.229
1.146
1.771
1.198