0.3423768608461645
0.1882630860719076
0.11859390961138393
0.17839480164970478
0.023482711747333372
0.34066179066956376
0.15825178893478387
0.32320066460237146
0.2522471828000994
0.5007940738521722
0.4255306967861714
0.25633824637173686
0.3822954076956845
0.2963537545183188
0.33467101464717675
0.2746703588515178
0.25818727938659897
0.33541127936706727
0.6942526278613717
0.6385150342338151
0.417083116582144
0.6727478894351375
0.5098457994057418
0.35993317417834836
0.5121050405913196
0.34787469724623205
0.47142637794948833
0.6212004402157134
0.8832070442486778
0.3789481351467881
0.39371899676833616
0.11252707931409849
0.10174484717381302
0.3536726570556099
0.5427450531005963
0.14563885390236633
0.2726925503158677
0.4172565089069253
0.2821776660157121
0.5435464710057768
0.47280275944426825
0.5806109414358117
0.4551515808630276
0.5378659950441302
0.5047788638536985
0.35622191297374034
0.7101273889911278
0.40077239103910445
0.42729961478443973
0.47908425549204053
0.3561419582372107
0.33806706485640914
0.4531454544347498
0.3199375999057022
0.578747412674207
0.5557961145698884
0.6344781807672855
0.45796412089460775
0.2827901428990761
0.7838189366758075
0.5949081683632629
0.16823870850716488
0.42424519270361527
0.7194421629137855
0.5096702342349096
0.7618640148011101
0.6178348542315534
0.4611501026286169
0.4232885764788822
0.43619376871165255
0.4254042408317088
0.3118695454624709
0.4127977492545752
0.3699750830564784
0.5564617467117553
0.5815790741365191
0.6313703196062551
0.4003273469204726
0.4089549524477394
0.5412986419397255
0.31236252890417915
0.6126266326759232
0.46294942089979757
0.916759920992762
0.21368807554058258
0.3465956922036552
0.35587837925384613
0.3622572552843898
0.44221090909090904
0.6838351555929352
0.5074165670936728
0.6063706119140392
0.44156528057103556
0.3371081126453183
0.5647669754157235
0.5081681344826589
0.4891852951966203
0.33085311723053384
0.47683243902727934
0.45955086560525854